*************************************************************

   NEOS Server Version 5.0
   Job#     : 4047170
   Password : eobXJazn
   Solver   : co:concorde:TSP
   Start    : 2015-12-03 15:47:59
   End      : 2015-12-03 15:48:05
   Host     : neos.la.asu.edu

   Disclaimer:

   This information is provided without any express or
   implied warranty. In particular, there is no warranty
   of any kind concerning the fitness of this
   information  for any particular purpose.
*************************************************************
/home/neos5/bin/concorde.cplex -s 99 -f sample.tsp
Host: neos  Current process id: 4510
Using random seed 99
Problem Name: example 2
Problem Type: TSP
Number of Nodes: 280
Rounded Euclidean Norm (CC_EUCLIDEAN)
Set initial upperbound to 2579 (from tour)
  LP Value  1: 2562.000000  (0.02 seconds)
  LP Value  2: 2571.416667  (0.04 seconds)
  LP Value  3: 2577.666667  (0.07 seconds)
  LP Value  4: 2578.000000  (0.18 seconds)
  LP Value  5: 2578.000000  (0.22 seconds)
New lower bound: 2578.000000
Final lower bound 2578.000000, upper bound 2579.000000
Exact lower bound: 2578.000000
DIFF: 0.000000
Time for Total: 0.27 seconds (0.27 total in 1 calls)
Final LP has 366 rows, 444 columns, 1693 nonzeros
LOWER BOUND: 2578.000000   ACTIVE NODES: 1

Task 0: Branching on node 0
BBnode 0 split into 1 (2579.18X) 2 (2578.50X) (0.04 seconds)
Child 0 is pruned
Child 1 is pruned

Task 1: Exit
Optimal Solution: 2579.00
Number of bbnodes: 3
Total Running Time: 0.36 (seconds)  Branching Time: 0.04 (seconds)


***  ***



*** You chose the Concorde(CPLEX) solver ***



*** Cities are numbered 0..n-1 and each line shows a leg from one city to the next 
 followed by the distance rounded to integers***

280 280
0 1 18
1 2 20
2 242 20
242 243 8
243 241 9
241 240 8
240 239 8
239 238 8
238 237 8
237 236 8
236 235 8
235 234 8
234 233 8
233 232 8
232 231 8
231 246 8
246 245 8
245 244 8
244 247 9
247 250 9
250 251 8
251 230 8
230 229 8
229 228 8
228 227 8
227 226 8
226 225 8
225 224 8
224 223 11
223 222 16
222 221 8
221 220 8
220 219 8
219 218 8
218 217 8
217 216 8
216 215 8
215 214 8
214 213 8
213 212 8
212 211 8
211 210 8
210 209 8
209 252 8
252 253 8
253 208 8
208 207 8
207 206 9
206 205 11
205 204 11
204 203 11
203 202 11
202 200 9
200 144 8
144 143 8
143 142 8
142 141 8
141 140 8
140 139 8
139 149 9
149 148 9
148 147 8
147 146 8
146 145 8
145 199 8
199 198 8
198 201 8
201 196 8
196 195 8
195 194 8
194 197 8
197 193 16
193 192 17
192 191 14
191 190 12
190 189 8
189 188 8
188 187 13
187 186 8
186 185 11
185 184 8
184 183 8
183 182 8
182 181 8
181 176 8
176 180 11
180 179 9
179 150 22
150 178 16
178 177 9
177 151 8
151 152 8
152 156 8
156 153 8
153 155 8
155 154 8
154 129 14
129 128 8
128 127 8
127 126 8
126 30 14
30 125 8
125 124 8
124 123 8
123 122 8
122 121 8
121 120 8
120 119 8
119 157 8
157 158 8
158 159 8
159 160 8
160 175 8
175 161 8
161 162 8
162 163 8
163 164 8
164 165 8
165 166 14
166 167 12
167 168 8
168 169 14
169 170 9
170 172 8
172 171 0
171 173 16
173 174 11
174 107 16
107 106 8
106 105 8
105 104 8
104 103 8
103 102 8
102 101 8
101 100 8
100 99 12
99 98 13
98 97 8
97 96 8
96 95 8
95 94 8
94 93 8
93 92 12
92 91 8
91 90 8
90 89 9
89 109 8
109 108 8
108 110 8
110 111 8
111 114 8
114 115 8
115 117 8
117 116 10
116 86 8
86 85 8
85 84 8
84 87 8
87 113 8
113 112 10
112 88 8
88 83 8
83 82 8
82 81 8
81 80 8
80 79 9
79 78 16
78 77 8
77 75 8
75 76 8
76 74 11
74 73 8
73 72 8
72 71 8
71 70 8
70 69 12
69 68 8
68 67 12
67 66 11
66 65 8
65 64 8
64 58 16
58 57 8
57 56 8
56 55 8
55 54 8
54 53 8
53 52 8
52 51 8
51 50 8
50 49 8
49 48 8
48 47 8
47 46 8
46 45 8
45 44 8
44 59 8
59 63 14
63 62 8
62 118 8
118 61 8
61 60 8
60 43 8
43 42 8
42 41 8
41 40 8
40 39 8
39 38 8
38 37 8
37 36 9
36 35 8
35 34 16
34 33 13
33 32 15
32 31 8
31 29 12
29 28 11
28 27 8
27 26 8
26 22 8
22 25 8
25 23 8
23 24 8
24 14 16
14 13 8
13 15 8
15 12 11
12 11 8
11 10 8
10 8 8
8 9 8
9 7 11
7 6 16
6 5 10
5 4 16
4 277 10
277 276 11
276 275 8
275 274 8
274 273 8
273 272 8
272 271 8
271 16 8
16 17 16
17 18 8
18 19 8
19 20 8
20 21 8
21 130 8
130 131 8
131 132 8
132 133 8
133 134 14
134 270 8
270 269 8
269 135 8
135 136 8
136 268 8
268 267 8
267 137 8
137 138 8
138 266 8
266 265 8
265 264 11
264 263 11
263 262 11
262 261 11
261 260 8
260 259 8
259 258 8
258 257 8
257 254 8
254 255 8
255 256 8
256 249 16
249 248 11
248 278 18
278 279 9
279 3 11
3 0 10
